0 0.5037499999999999 0.59380625 0.49749999999999994 0.6438354166666667 0.49625 0.6738520833333334 0.50875 0.68719375 0.545 0.6788541666666668 0.55625 0.6455020833333334 0.5575 0.6171520833333334 0.545 0.5838 0.5287499999999999 0.5771291666666667 0.5125 0.5804645833333333
0 0.675 0.63125 0.671875 0.6729166666666667 0.678125 0.70625 0.6984375 0.7229166666666667 0.71875 0.7208333333333333 0.7328125 0.66875 0.728125 0.61875 0.715625 0.6020833333333333 0.69375 0.6
0 0.646875 0.26458333333333334 0.6453125 0.28958333333333336 0.6515625 0.3125 0.6578125 0.32708333333333334 0.6703125 0.33125 0.6859375 0.30625 0.690625 0.27708333333333335 0.6734375 0.2520833333333333 0.6578125 0.25
0 0.3390625 0.625 0.34500000000000003 0.6655145833333334 0.36124999999999996 0.6721854166666666 0.3825 0.6354958333333334 0.4015625 0.60625 0.3890625 0.5833333333333334 0.365625 0.5708333333333333 0.3484375 0.5916666666666667
0 0.19875 0.57379375 0.18125 0.5971395833333334 0.17124999999999999 0.6271583333333334 0.17250000000000001 0.6588437500000001 0.18625 0.6688500000000001 0.20750000000000002 0.6605104166666667 0.2225 0.63049375 0.23374999999999999 0.5954729166666667 0.23500000000000001 0.5654541666666667 0.22749999999999998 0.55545 0.20875 0.5587854166666666 0.195 0.5671229166666667
0 0.041249999999999995 0.5637875 0.0225 0.5954729166666667 0.005 0.6254895833333334 0.0025 0.6688500000000001 0.013750000000000002 0.6921958333333333 0.03625 0.6571750000000001 0.057499999999999996 0.6221541666666667 0.07875 0.5854666666666667 0.07875 0.5587854166666666 0.0625 0.5521145833333333
0 0.5325 0.25026875 0.52125 0.27861874999999997 0.5337500000000001 0.29696458333333337 0.5525 0.29029375 0.5575 0.2736166666666667 0.5575 0.2552729166666667 0.54875 0.25026875
0 0.8087500000000001 0.27195 0.8150000000000001 0.29863124999999996 0.8237500000000001 0.33031666666666665 0.83375 0.3369875 0.845 0.316975 0.84375 0.29196041666666667 0.8324999999999999 0.2652791666666667 0.8162499999999999 0.2552729166666667 0.81125 0.2552729166666667
0 0.0515625 0.26083333333333336 0.05 0.2852895833333333 0.07625 0.27861874999999997 0.07875 0.2636104166666667 0.07375000000000001 0.2552729166666667 0.065 0.2536041666666667
0 0.16499999999999998 0.2552729166666667 0.1575 0.27861874999999997 0.1625 0.29196041666666667 0.17625 0.29029375 0.18875 0.27028125000000003 0.18875 0.2536041666666667 0.17875000000000002 0.25026875
0 0.28250000000000003 0.29362916666666666 0.29625 0.30196666666666666 0.30375 0.29196041666666667 0.3075 0.2769520833333334 0.3075 0.25860833333333333 0.30125 0.25193750000000004
0 0.4078125 0.265 0.40625 0.28862499999999996 0.4225 0.28695833333333337 0.43 0.2652791666666667 0.42625 0.25693958333333333 0.41624999999999995 0.2552729166666667
0 0.8875 0.6538395833333334 0.9012499999999999 0.6972 0.9087500000000001 0.7205458333333333 0.925 0.7305520833333333 0.9349999999999999 0.713875 0.93625 0.6838583333333333 0.9262499999999999 0.6555083333333334 0.915 0.6238229166666667 0.89125 0.6254895833333334